+12019820342
+12026800660
+12036353522
+12038329982
+12047213925
+12048900059
+12079517945
+12262208298
+12505321488
+12507977786
+12508966758
+12678766565
+12893951709
+12897073877
+12898085488
+13107368124
+13432022995
+13435418796
+14038189872
+14162716166
+14163006730
+14163019753
+14163589731
+14164752604
+14165787433
+14167221830
+14167708204
+14169496422
+14186552405
+14313367426
+14379281992
+14379904199
+14382215290
+14382700949
+14383342100
+14383360944
+14383365905
+14384017116
+14384047302
+14384081261
+14384084690
+14384085920
+14384589580
+14384594443
+14385084539
+14385207498
+14385228048
+14385284279
+14385285135
+14385288646
+14385303084
+14385305245
+14385401258
+14386226249
+14387253340
+14387255462
+14387259103
+14387285145
+14387633658
+14387792304
+14388304372
+14388318888
+14388637836
+14388660543
+14388663864
+14388704925
+14388804530
+14388839907
+14389207266
+14389216881
+14389222483
+14389244481
+14389261455
+14389270314
+14389275270
+14389296611
+14389297007
+14389384450
+14389790236
+14389790601
+14389792526
+14389796452
+14389857819
+14389937497
+15064254205
+15066391407
+15084462684
+15088463133
+15142096962
+15142107857
+15142225247
+15142359722
+15142368917
+15142463825
+15142490503
+15142610031
+15142615744
+15142651629
+15143585263
+15144169511
+15144306391
+15144344990
+15144486941
+15144498050
+15144512183
+15144655866
+15144732032
+15144978550
+15145131651
+15145182802
+15145188040
+15145576867
+15145684793
+15145685304
+15145696726
+15145710580
+15145713307
+15145736611
+15145766413
+15145781921
+15145912501
+15146071494
+15146093129
+15146096335
+15146232499
+15146252245
+15146259208
+15146259694
+15146387321
+15146499858
+15146550545
+15146553615
+15146606392
+15146624240
+15146670626
+15146770440
+15146773127
+15147025670
+15147145726
+15147576693
+15147714927
+15148039603
+15148042589
+15148042730
+15148159669
+15148201994
+15148382613
+15148870115
+15149158073
+15149297037
+15149433807
+15149611726
+15149685754
+15149686631
+15149692744
+15149791879
+15149940163
+15149944354
+15149950265
+15149959722
+15149969551
+15192216450
+15192702779
+15194984232
+15199380081
+15202379635
+15616999522
+15794219375
+15799571110
+15819221355
+15854786302
+15872258957
+16043524210
+16043531742
+16043647353
+16044016356
+16044016761
+16044999857
+16046557448
+16046795243
+16047225802
+16047573201
+16048123445
+16049997837
+16134073688
+16135393517
+16136125444
+16136628065
+16138041911
+16138512574
+16139862740
+16172377977
+16309997899
+16466605622
+16467158295
+16472052797
+16472109144
+16472845331
+16473091305
+16473390883
+16475157914
+16475264134
+16475498957
+16476205115
+16476744865
+16476751467
+16477852534
+16478316059
+16478359466
+16479287285
+16479647742
+16479663114
+16504642581
+17039551275
+17073030008
+17324235349
+17633253052
+17636563965
+17783199202
+17783789571
+17786742125
+17787093634
+17788359221
+17788836727
+17788872343
+18018565574
+18023997208
+18326836234
+18607073848
+18609066284
+18678720444
+19022991335
+19024831475
+19029430788
+19054678430
+19056172961
+19082000097
+19143097318
+19147078818
+19172260651
+19172448062
+19207232939
+19256056747
+19739755564
+19784099126
+19789070602
+21269630282
+52305821485
+82305823985
+22305988900
+22547391065
+48324609628
+89336037445
+20336078298
+46336127874
+14336317294
+20336402921
+81336406409
+92336479948
+51336501933
+88336515189
+45336529265
+84336679054
+08336686418
+81336984885
+06336986652
+28337491916
+12337496062
+53337520338
+39337624738
+94337783386
+47337815205
+18337817722
+69447429776
+08044744356
+05335511976
+43577584795
+71076990542
+27513749198
+17539195961
+70768213961
+71818338961
+79311688961
+79322355971
+54443855597
+15550241746
+46745031124
+12019820342
+12026800660
+12036353522
+12038329982
+12047213925
+12048900059
+12079517945
+12262208298
+12505321488
+12507977786
+12508966758
+12678766565
+12893951709
+12897073877
+12898085488
+13107368124
+13432022995
+13435418796
+14038189872
+14162716166
+14163006730
+14163019753
+14163589731
+14164752604
+14165787433
+14167221830
+14167708204
+14169496422
+14186552405
+14313367426
+14379281992
+14379904199
+14382215290
+14382700949
+14383342100
+14383360944
+14383365905
+14384017116
+14384047302
+14384081261
+14384084690
+14384085920
+14384589580
+14384594443
+14385084539
+14385207498
+14385228048
+14385284279
+14385285135
+14385288646
+14385303084
+14385305245
+14385401258
+14386226249
+14387253340
+14387255462
+14387259103
+14387285145
+14387633658
+14387792304
+14388304372
+14388318888
+14388637836
+14388660543
+14388663864
+14388704925
+14388804530
+14388839907
+14389207266
+14389216881
+14389222483
+14389244481
+14389261455
+14389270314
+14389275270
+14389296611
+14389297007
+14389384450
+14389790236
+14389790601
+14389792526
+14389796452
+14389857819
+14389937497
+15064254205
+15066391407
+15084462684
+15088463133
+15142096962
+15142107857
+15142225247
+15142359722
+15142368917
+15142463825
+15142490503
+15142610031
+15142615744
+15142651629
+15143585263
+15144169511
+15144306391
+15144344990
+15144486941
+15144498050
+15144512183
+15144655866
+15144732032
+15144978550
+15145131651
+15145182802
+15145188040
+15145576867
+15145684793
+15145685304
+15145696726
+15145710580
+15145713307
+15145736611
+15145766413
+15145781921
+15145912501
+15146071494
+15146093129
+15146096335
+15146232499
+15146252245
+15146259208
+15146259694
+15146387321
+15146499858
+15146550545
+15146553615
+15146606392
+15146624240
+15146670626
+15146770440
+15146773127
+15147025670
+15147145726
+15147576693
+15147714927
+15148039603
+15148042589
+15148042730
+15148159669
+15148201994
+15148382613
+15148870115
+15149158073
+15149297037
+15149433807
+15149611726
+15149685754
+15149686631
+15149692744
+15149791879
+15149940163
+15149944354
+15149950265
+15149959722
+15149969551
+15192216450
+15192702779
+15194984232
+15199380081
+15202379635
+15616999522
+15794219375
+15799571110
+15819221355
+15854786302
+15872258957
+16043524210
+16043531742
+16043647353
+16044016356
+16044016761
+16044999857
+16046557448
+16046795243
+16047225802
+16047573201
+16048123445
+16049997837
+16134073688
+16135393517
+16136125444
+16136628065
+16138041911
+16138512574
+16139862740
+16172377977
+16309997899
+16466605622
+16467158295
+16472052797
+16472109144
+16472845331
+16473091305
+16473390883
+16475157914
+16475264134
+16475498957
+16476205115
+16476744865
+16476751467
+16477852534
+16478316059
+16478359466
+16479287285
+16479647742
+16479663114
+16504642581
+17039551275
+17073030008
+17324235349
+17633253052
+17636563965
+17783199202
+17783789571
+17786742125
+17787093634
+17788359221
+17788836727
+17788872343
+18018565574
+18023997208
+18326836234
+18607073848
+18609066284
+18678720444
+19022991335
+19024831475
+19029430788
+19054678430
+19056172961
+19082000097
+19143097318
+19147078818
+19172260651
+19172448062
+19207232939
+19256056747
+19739755564
+19784099126
+19789070602
+212696302825
+23058214858
+23058239852
+23059889002
+254739106548
+32460962889
+33603744520
+33607829846
+33612787414
+33631729420
+33640292181
+33640640992
+33647994851
+33650193388
+33651518945
+33652926584
+33667905408
+33668641881
+33698488506
+33698665228
+33749191612
+33749606253
+33752033839
+33762473894
+33778338647
+33781520518
+33781772269
+447429776080
+447443560533
+5511976435775
+84795710769
+905422751374
+919817539195
+96170768213
+96171818338
+96179311688
+96179322355
+971544438555
+971555024174
